51.4775395 -0.177774
51.4775433 -0.1778086
51.4775448 -0.1778191
51.4775915 -0.1780911
51.4777231 -0.17883
51.4778175 -0.1793381
51.477823 -0.1795
51.4778354 -0.1798012
51.4778392 -0.1799546
51.4778409 -0.1801364
51.4778388 -0.1803313
51.4778343 -0.1804884
51.4778173 -0.1805748
51.477803 -0.1806671
51.4777877 -0.1807353
51.4777687 -0.1808097
51.4777441 -0.1808863
51.4777001 -0.1810162
51.4776032 -0.1812789
51.4775461 -0.1814248
51.4775209 -0.1814872
51.4774984 -0.1815455
51.47746 -0.1816658
51.4774003 -0.1818238
51.4773336 -0.1820174
51.4772968 -0.1821357
51.4772745 -0.1822321
51.4772567 -0.182309
51.4772418 -0.1824109
51.4772368 -0.1824778
51.4772326 -0.1826217
51.4772352 -0.1827107
51.4772431 -0.1828066
51.4772535 -0.1828823
51.477265 -0.1829709
51.4772693 -0.1830166
51.4772715 -0.1830995
51.4772767 -0.1832831
51.4772803 -0.1833548
51.4772861 -0.1834587
51.4772936 -0.1835587
51.4773096 -0.1836549
51.4773205 -0.1837079
51.4773395 -0.1837556
51.477366 -0.1837989
51.4774102 -0.1838609
51.4775517 -0.1840356
51.4776549 -0.1841558
51.4776941 -0.1842022
51.4777171 -0.1842333
51.4778211 -0.1843604
51.4779606 -0.184526
51.4780912 -0.1846755
51.4781829 -0.1847886
51.4782392 -0.1848531
51.4783281 -0.1849649
51.4784368 -0.1851145
51.4785396 -0.185244
51.4786211 -0.1853406
51.4786235 -0.1853436
51.4789009 -0.1856852
51.4789728 -0.1857533
51.4790247 -0.1858032
51.4790864 -0.1858417
51.4792265 -0.1859323
51.4794551 -0.1860841
51.4795353 -0.1861374
51.4796257 -0.1862034
51.4796806 -0.1862466
51.4797298 -0.1862971
51.4797843 -0.186363
51.4798235 -0.1864215
51.4798474 -0.1864599
51.4798848 -0.1865113
51.479868 -0.1865452
51.4798592 -0.186559
51.47977 -0.1867075
51.4798456 -0.1868137
51.4798541 -0.1868015
51.4799766 -0.1869795
51.4800512 -0.1870812
51.4801181 -0.1871713
51.4802037 -0.18729
51.4803963 -0.187569
51.4806508 -0.1879419
51.4808272 -0.1881967
51.4808348 -0.1882075
51.4808429 -0.1881964
51.4808899 -0.1882673
51.4809316 -0.1883305
51.4809658 -0.1882865
51.4809801 -0.1882694
51.4810315 -0.1883162
51.4810859 -0.1883653
51.4810853 -0.1883682
51.4811488 -0.1884306
51.4812063 -0.1884873
51.4812076 -0.1884841
51.4812704 -0.1885478
51.4813889 -0.1886712
51.4815677 -0.188861
51.4816553 -0.1889529
51.4817101 -0.1890115
51.4818094 -0.1891176
51.4818165 -0.1891004
51.4819536 -0.1892625
51.4820468 -0.1893737
51.482177 -0.1895288
51.4822627 -0.18963
51.4823189 -0.1896969
51.4823322 -0.189713
51.4823333 -0.1897106
51.4823757 -0.1897615
51.4824225 -0.1898172
51.4824752 -0.1898803
51.4824846 -0.1898919
51.4824834 -0.1898943
51.4825671 -0.1899976
51.482613 -0.1900499
51.4827885 -0.1902617
51.4830115 -0.1905285
51.4831899 -0.1907422
51.4832665 -0.1908341
51.48344 -0.1910318
51.4834879 -0.1910783
51.4835505 -0.1911404
51.4836028 -0.1911923
51.483672 -0.1912604
51.4837385 -0.1913247
51.4838344 -0.1914166
51.4838832 -0.1914639
51.4839338 -0.1915134
51.484002 -0.1915808
51.4840376 -0.1916164
51.4840743 -0.1916525
51.484128 -0.191705
51.4841576 -0.1917339
51.4841688 -0.1917455
51.4841528 -0.1917871
51.4840716 -0.1917243
51.4840434 -0.1917019
51.4840366 -0.1917315
51.4840331 -0.1917514
51.4840191 -0.1918182
51.4840535 -0.1918422
51.4840863 -0.191864
51.4841321 -0.1918973
51.4842729 -0.1920299
51.4848298 -0.1925754
51.4849841 -0.1927249
51.4852161 -0.1929533
51.4853466 -0.1930889
51.4854634 -0.1932016
51.4855615 -0.1933033
51.4857663 -0.1935172
51.4858896 -0.1936542
51.4862176 -0.1940666
51.486292 -0.1942406
51.4863181 -0.1942611
51.4863474 -0.194283
51.4864374 -0.1943965
51.486532 -0.1945279
51.4865765 -0.1945958
51.4867055 -0.1947924
51.4868546 -0.1950317
51.4870013 -0.195281
51.4871065 -0.1954755
51.4871051 -0.1954774
51.4872336 -0.1957045
51.4872316 -0.1957098
51.4872314 -0.1957147
51.4872332 -0.1957173
51.4873167 -0.195847
51.4873698 -0.19593
51.4873579 -0.1959624
51.4873526 -0.1959767
51.487186 -0.1964291
51.4871986 -0.1964664
51.4872314 -0.1965552
51.487318 -0.1967848
51.4874374 -0.1970908
51.4875251 -0.1973112
51.4876148 -0.1974903
51.4876757 -0.1976026
51.4877776 -0.1977841
51.4878506 -0.197902
51.4879062 -0.19799
51.4881493 -0.1982871
51.4883901 -0.198582
51.4884993 -0.1987069
51.4887675 -0.1990069
51.4888944 -0.1991443
51.4890319 -0.1993007
51.4892475 -0.1995649
51.4894775 -0.1998338
51.4896752 -0.2000565
51.4898175 -0.200204
51.4898423 -0.2002143
51.4899045 -0.2002379
51.4899437 -0.2002373
51.4901507 -0.2006763
51.4903203 -0.2008549
51.4904243 -0.2009644
51.4904761 -0.2010239
51.4905196 -0.2010751
51.4905646 -0.2011308
51.4906183 -0.2011872
51.4907431 -0.2013155
51.4908306 -0.2014088
51.4909281 -0.2015141
51.4909911 -0.2015723
51.491037 -0.2016241
51.4910609 -0.2016561
51.4910766 -0.2016807
51.4911454 -0.2017774
51.4912297 -0.2018894
51.4912596 -0.2019233
51.4913382 -0.2020255
51.4914129 -0.2021204
51.4915409 -0.202295
51.4915615 -0.2023172
51.4915958 -0.202346
51.4916327 -0.2023702
51.4916605 -0.2023885
51.491663 -0.202381
51.49167 -0.2023588
51.4917022 -0.202263
51.4918052 -0.2019749
51.4918443 -0.2018568
51.4918598 -0.2018694
51.4922751 -0.2022374
51.4922858 -0.2022476
51.4924845 -0.2024255
51.4925514 -0.2024796
51.4928985 -0.2027852
51.4930708 -0.2029359
51.493156 -0.2030115
51.4932417 -0.203086
51.4932893 -0.2031275
51.4933185 -0.2030368
51.4933552 -0.2030881
51.4933704 -0.2031093
51.4933889 -0.2031345
51.4934269 -0.2031873
51.4934725 -0.2032508
51.4935248 -0.2033232
51.4935339 -0.2033352
51.4936545 -0.2035044
51.4937402 -0.2036245
51.4938503 -0.2037805
51.4938772 -0.2038184
51.4939279 -0.2038892
51.4940205 -0.2040189
51.4940748 -0.2040949
51.4941225 -0.2041589
51.4942664 -0.2043828
51.4943643 -0.2045361
51.49444 -0.2046646
51.4945602 -0.2048736
51.4946107 -0.2048041
51.49472 -0.2049995
51.4947391 -0.2050364
51.4947939 -0.2051421
51.4948534 -0.2052565
51.4948954 -0.2053422
51.4949287 -0.2054137
51.495048 -0.2056697
51.4952582 -0.2061291
51.4953279 -0.2062782
51.4954348 -0.2065074
51.4954788 -0.2066012
51.4954977 -0.2066412
51.4955199 -0.2066897
51.4955422 -0.2067322
51.4956053 -0.2068346
51.4956512 -0.2068973
51.4957032 -0.2069654
51.4957683 -0.2070439
51.4958129 -0.2070943
51.4958559 -0.2071349
51.4959241 -0.2072007
51.4959713 -0.2072345
51.4960309 -0.2072755
51.4960408 -0.2072837
51.4960449 -0.2072855
51.4960564 -0.2072967
51.4961517 -0.2073587
51.4961038 -0.2075969
51.4960812 -0.207708
51.4960651 -0.2077878
51.496061 -0.2078098
51.4960544 -0.2078471
51.4960305 -0.2079752
51.4960644 -0.2080253
51.4961072 -0.2080875
51.496139 -0.2081322
51.4961644 -0.2081729
51.4961996 -0.2082215
51.4962373 -0.2082761
51.4963084 -0.2083596
51.4963298 -0.2083805
51.4963511 -0.2084016
51.4963774 -0.2084316
51.4964609 -0.2085305
51.4965134 -0.208589
51.4965678 -0.2086547
51.4966037 -0.208692
51.4967164 -0.2088227
51.4967845 -0.2089007
51.4968462 -0.208969
51.4968879 -0.209019
51.4969925 -0.2091358
51.4971032 -0.2092678
51.4971455 -0.2093142
51.4972301 -0.2094069
51.4972666 -0.2094449
51.4973162 -0.2094925
51.497363 -0.2095377
51.4974216 -0.2095968
51.4974594 -0.2096435
51.4974727 -0.2096552
51.4975425 -0.2097296
51.4975819 -0.2097684
51.4976581 -0.2098397
51.4977658 -0.2099455
51.497774 -0.2099534
51.4978572 -0.2100333
51.497951 -0.2101251
51.4980333 -0.2102039
51.4981044 -0.2102825
51.4981634 -0.2103457
51.4982176 -0.2103961
51.4982485 -0.2104253
51.4983096 -0.210483
51.4983457 -0.2105284
51.4983476 -0.2105309
51.4983845 -0.2105956
51.4984164 -0.2106473
51.4984542 -0.210703
51.4984785 -0.2107483
51.4984887 -0.2107759
51.4985107 -0.2108343
51.4985708 -0.2109408
51.4985941 -0.2109896
51.4986578 -0.2111001
51.4987107 -0.2112014
51.4987961 -0.2113514
51.4988867 -0.2115125
51.4989408 -0.2116034
51.4989632 -0.2116429
51.4989853 -0.2116827
51.4990169 -0.211737
51.4990942 -0.2118692
51.4991594 -0.2119777
51.4991899 -0.2120288
51.499221 -0.2120907
51.4992573 -0.2121581
51.4993179 -0.2122665
51.4994362 -0.2124548
51.499459 -0.2124855
51.4995015 -0.2125518
51.4995286 -0.2125952
51.499575 -0.2126647
51.4996205 -0.2127374
51.499663 -0.2128068
51.4996731 -0.2128207
51.4997126 -0.2128776
51.4997355 -0.2129178
51.499801 -0.2130177
51.4998498 -0.2130812
51.4999888 -0.2132429
51.5001763 -0.2134638
51.5002995 -0.2136049
51.5004063 -0.2137247
51.5004368 -0.2137616
51.5004821 -0.2138115
51.5005611 -0.2139015
51.5006109 -0.2139542
51.500636 -0.2139814
51.5006498 -0.2139965
51.5006524 -0.2139997
51.5006811 -0.2140369
51.5006987 -0.2140565
51.5007792 -0.2141429
51.500833 -0.214201
51.5009284 -0.2142591
51.5010858 -0.2143627
51.5011984 -0.2144298
51.5013283 -0.2145036
51.501396 -0.2145439
51.5014862 -0.2145986
51.5016425 -0.2146921
51.5016853 -0.2147192
51.5017184 -0.2147411
51.5017861 -0.2147871
51.5018572 -0.2148375
51.5018822 -0.2148585
51.501932 -0.2148968
51.5020475 -0.2149706
51.5021554 -0.2150375
51.5022141 -0.2150687
51.5022419 -0.2150795
51.5022593 -0.2150423
51.5022825 -0.2149921
51.50228 -0.2149899
51.5022888 -0.2149734
51.502296 -0.2149826
51.5023043 -0.2149902
51.5023158 -0.2149996
51.5023311 -0.2150123
51.5023518 -0.2150312
51.5023672 -0.2150451
51.5023887 -0.2150656
51.502405 -0.2150802
51.5024363 -0.2151087
51.5024703 -0.2151388
51.5025095 -0.2151745
51.5025411 -0.2151965
51.5025443 -0.215189
51.5026031 -0.2152425
51.5026679 -0.2152998
51.5027008 -0.2153272
51.5027229 -0.2153483
51.5027438 -0.2153695
51.5028442 -0.2154623
51.5028512 -0.2155026
51.5029063 -0.2155595
51.5029204 -0.2155715
51.5029468 -0.215595
51.5029647 -0.2156129
51.5029904 -0.2156388
51.5030103 -0.2156592
51.5030204 -0.2156697
51.5030385 -0.2156882
51.503057 -0.2157034
51.5030707 -0.2157139
51.5030902 -0.2157343
51.5030972 -0.215742
51.5031095 -0.2157554
51.503114 -0.2157604
51.5031192 -0.2157655
51.5031236 -0.2157699
51.5031258 -0.215772
51.5031291 -0.2157752
51.50313 -0.2157761
51.5031325 -0.2157785
51.5031361 -0.2157821
51.503138 -0.215784
51.50315 -0.2157958
51.5031703 -0.2158153
51.5032055 -0.215849
51.5032297 -0.2158719
51.5032658 -0.2159056
51.503283 -0.2159219
51.5032949 -0.2159358
51.5033056 -0.2159457
51.5033191 -0.2159529
51.503321 -0.2159539
51.5033271 -0.2159586
51.5033399 -0.2159663
51.5033505 -0.2159766
51.5033635 -0.2159865
51.5033757 -0.2159946
51.5034 -0.2160173
51.5034091 -0.2160236
51.5034222 -0.2160339
51.5034699 -0.216075
51.5035639 -0.2161519
51.5036011 -0.2161824
51.5036289 -0.2162051
51.5036921 -0.2162562
51.5036817 -0.2163058
51.5036652 -0.2163831
51.5037665 -0.2164556
51.5038238 -0.2164963
51.5038374 -0.2165034
51.5038504 -0.2165129
51.503867 -0.2165275
51.5038937 -0.2165477
51.5039283 -0.2165742
51.5039714 -0.2166144
51.5039998 -0.2166365
51.5041098 -0.2167227
51.5042119 -0.2167992
51.5044112 -0.2169524
51.5044614 -0.2169917
51.5044597 -0.2169968
51.5044649 -0.2170005
51.5044719 -0.2170054
51.5045029 -0.2170258
51.5045191 -0.2170376
51.5046428 -0.2171237
51.5046462 -0.2171113
51.5048212 -0.2172285
51.5051245 -0.2174303
51.5051773 -0.217464
51.5052358 -0.2175002
51.5052521 -0.2175112
51.5053668 -0.2175838
51.5054464 -0.2176342
51.5054621 -0.2175701
51.5054671 -0.2175734
51.5054889 -0.2175885
51.5055841 -0.2176471
51.5060742 -0.2179568
51.5061418 -0.2179993
51.5062463 -0.21743
51.5062948 -0.2171638
51.5063228 -0.2170192
51.5063577 -0.216824
51.5063897 -0.216651
51.5064213 -0.2164785
51.5064376 -0.2163896
51.5064019 -0.2163528
51.5063823 -0.2163323
51.5063741 -0.2163231
51.5063651 -0.2163082
51.5063592 -0.216293
51.506355 -0.2162805
51.5063519 -0.2162641
51.5063508 -0.2162528
51.5063663 -0.2161589
51.506399 -0.2159626
51.5064012 -0.2159634
51.5064493 -0.2159872
51.5065911 -0.2160555
51.5066489 -0.2160832
51.5067135 -0.2161141
51.5067697 -0.2161404
51.5068834 -0.216194
51.5069492 -0.216226
51.5071626 -0.2161937
51.5072404 -0.2161827
51.5073891 -0.216161
51.5074609 -0.2161514
51.5075199 -0.2161432
51.5075112 -0.2159264
51.5075548 -0.2156978
51.5075903 -0.2155337
51.5076074 -0.2154488
51.50765 -0.2152219
51.5078285 -0.2153066
51.5081165 -0.2154478
51.5083198 -0.2155373
51.5083907 -0.2155656
51.5085275 -0.2156184
51.5088022 -0.2157168
51.5089637 -0.2157758
51.5091521 -0.2158378
51.5091578 -0.2159835
51.5091766 -0.2159926
51.5091433 -0.2162353
51.5091428 -0.2162403
51.5091113 -0.2164764
51.5091267 -0.2164847
51.5091365 -0.2164244
51.5092438 -0.2165089
51.509291 -0.2165831
51.5093417 -0.2166625
51.5093847 -0.2167283
51.5095678 -0.2168154
51.5097334 -0.2168938
51.5098879 -0.2169673
51.5099363 -0.2169894
51.5099789 -0.2170091
51.5100181 -0.2169774
51.5100271 -0.2169714
51.5100338 -0.2169673
51.5100384 -0.2169649
51.5100429 -0.2169632
51.5100678 -0.2169623
51.5100772 -0.2169615
51.5100825 -0.2169618
51.5100853 -0.216962
51.5100947 -0.2169641
51.5101059 -0.2169688
51.5101119 -0.2169723
51.5101162 -0.2169758
51.5101368 -0.2169934
51.5102011 -0.2170482
51.5103084 -0.21714
51.510392 -0.2172097
51.5103979 -0.2172142
51.5103498 -0.2173669
51.5102736 -0.2176101
51.5102479 -0.2176925
51.5102465 -0.2177086
51.5102229 -0.2180673
51.5097513 -0.2178717
51.5095529 -0.2193399
51.5102973 -0.2195947
51.5106671 -0.2197435
51.5108803 -0.2198361
51.5110178 -0.2199017
51.5113396 -0.2200654
51.5115025 -0.220148
51.5115872 -0.2201929
51.5116067 -0.2202024
51.5116392 -0.220217
51.5116676 -0.2202282
51.5116907 -0.2202385
51.5117314 -0.2202599
51.5118991 -0.2203495
51.5119177 -0.2203597
51.5119649 -0.2203843
51.5120154 -0.2204116
51.5120275 -0.220419
51.5120694 -0.2204463
51.512081 -0.2204522
51.5120923 -0.2204603
51.5122142 -0.22054
51.5125033 -0.2207265
51.5126595 -0.2208305
51.512672 -0.2208416
51.5127635 -0.2209034
51.512852 -0.2209624
51.5129437 -0.2210226
51.5129815 -0.2210481
51.5129913 -0.2210541
51.5130041 -0.2210634
51.5130348 -0.2210831
51.5130715 -0.2211068
51.5130858 -0.2211163
51.5130981 -0.221125
51.5131696 -0.2211726
51.5132872 -0.2212513
51.513431 -0.2213446
51.5135225 -0.2214022
51.5135312 -0.221409
51.5136638 -0.2214683
51.5137195 -0.2214819
51.5137443 -0.2214841
51.5137782 -0.2214864
51.5137995 -0.2214846
51.5138286 -0.2214813
51.5138405 -0.2214804
51.5138674 -0.2214766
51.5138747 -0.2214745
51.5142036 -0.2216828
51.5143098 -0.2217523
51.514309 -0.221755
51.5144059 -0.2218203
51.5147264 -0.2220412
51.5149897 -0.2222259
51.5149903 -0.2222233
51.5150741 -0.222286
51.5151647 -0.2223545
51.5152541 -0.2224043
51.5153533 -0.22246
51.5154055 -0.2224884
51.5156434 -0.2226204
51.5156549 -0.222651
51.515666 -0.2226807
51.5156827 -0.2227184
51.5156924 -0.2227339
51.5157071 -0.2227538
51.5157143 -0.2227611
51.5157791 -0.2228192
51.5158017 -0.2228361
51.5158436 -0.2228683
51.515861 -0.2228816
51.5158601 -0.2228842
51.5159378 -0.2229518
51.5160649 -0.2230621
51.516104 -0.2230971
51.5164275 -0.2233797
51.5164952 -0.2234389
51.5165621 -0.2235015
51.5166577 -0.2235897
51.5166763 -0.2236069
51.5166772 -0.2236044
51.5167404 -0.2236629
51.5167564 -0.2236809
51.5173428 -0.2242149
51.5174657 -0.2243294
51.5174848 -0.2242789
51.5176524 -0.2244505
51.5177394 -0.2245393
51.5178204 -0.2246231
51.5181276 -0.224935
51.5184393 -0.2252509
51.5188083 -0.2256156
51.5188428 -0.2256527
51.5188763 -0.2256841
51.5189878 -0.2258017
51.5190266 -0.2258428
51.5191029 -0.2259249
51.5192199 -0.226053
51.5192995 -0.2261379
51.51937 -0.2262151
51.5193688 -0.2262176
51.5194069 -0.2262579
51.5194079 -0.2262555
51.5194406 -0.2262909
51.5194463 -0.2262972
51.5194773 -0.2263306
51.5194763 -0.226333
51.5195133 -0.2263745
51.5194902 -0.2264296
51.5195421 -0.2264867
51.5195287 -0.2265182
51.5195598 -0.2265509
51.5195755 -0.2265673
51.519624 -0.2266184
51.5196489 -0.2266484
51.5196893 -0.2266973
51.5197292 -0.2267456
51.5197491 -0.2267695
51.5197685 -0.2267278
51.5197691 -0.2267288
51.5198914 -0.2268747
51.5200032 -0.2270075
51.5202281 -0.2272755
51.5203034 -0.2273653
51.5204539 -0.2275432
51.520568 -0.2276764
51.5206547 -0.2277804
51.5206717 -0.2278013
51.5206707 -0.2278038
51.5206857 -0.2278212
51.5206869 -0.2278186
51.5207303 -0.227869
51.5207472 -0.2278882
51.5207462 -0.227891
51.5207605 -0.2279082
51.5207619 -0.2279061
51.5208223 -0.2279764
51.5208211 -0.2279787
51.5208251 -0.2279838
51.5208798 -0.2280495
51.5209125 -0.2280884
51.5209133 -0.2280859
51.5209302 -0.2281059
51.5209706 -0.2281534
51.5209697 -0.2281563
51.5209855 -0.228175
51.5209864 -0.2281724
51.5210936 -0.228301
51.5210946 -0.2282982
51.5211874 -0.228089
51.5213065 -0.2281271
51.5215897 -0.227496
51.5219376 -0.2267211
51.5221705 -0.2267061
51.5222846 -0.2266988
51.5225156 -0.2266881
51.5233644 -0.2266471
51.5243549 -0.2266026
51.5246242 -0.2265921
51.5247799 -0.2265966
51.5247756 -0.2272536
51.5251445 -0.227306
51.5252967 -0.2273345
51.5254207 -0.2273456
51.5255154 -0.2273275
51.5255861 -0.2273215
51.5256317 -0.227322
51.5256907 -0.2273254
51.525781 -0.2273395
51.5259151 -0.2273672
51.5260116 -0.2273964
51.5260337 -0.227405
51.5260813 -0.2274335
51.5261006 -0.227442
51.526126 -0.2274442
51.5263028 -0.2274242
51.5263984 -0.227422
51.5264774 -0.2274232
51.5265567 -0.2274173
51.5266621 -0.227416
51.5267054 -0.2274128
51.5267368 -0.227408
51.5267544 -0.2274038
51.526777 -0.2273959
51.5268117 -0.2273801
51.5268433 -0.2273783
51.5270891 -0.2273798
51.5273104 -0.2273765
51.5275142 -0.2273773
51.5276142 -0.2273998
51.5277251 -0.2274131
51.5277855 -0.2274265
51.527893 -0.2274409
51.5279946 -0.2274542
51.5280207 -0.2274653
51.5281596 -0.2275172
51.5282569 -0.2275591
51.5284875 -0.2277308
51.528596 -0.2277831
51.5286371 -0.2278027
51.5286516 -0.2278136
51.5286831 -0.2278462
51.528738 -0.2279112
51.5288671 -0.2280549
51.528916 -0.2281118
51.5291008 -0.2283227
51.5291427 -0.2283604
51.5292022 -0.2283952
51.5292629 -0.2284232
51.5293209 -0.2284524
51.5294733 -0.2285168
51.5295604 -0.2285549
51.5296238 -0.2285828
51.5297113 -0.2286279
51.5297554 -0.2286574
51.5297793 -0.2286741
51.529808 -0.2286938
51.5298243 -0.2286993
51.5299038 -0.2287545
51.5299715 -0.2287221
51.5299591 -0.2286365
51.5300212 -0.2286056
51.5301249 -0.2285553
51.5302091 -0.2285146
51.5303173 -0.2284651